451
254
268
292
353
356
58
186
454
309
202
345
148
67
98
365
243
50
407
139
113
457
482
129
175
88
164
161
317
360
11
479
118
489
358
248
298
493
95
1
266
378
461
449
212
362
475
406
124
334
376
477
17
351
287
250
64
133
4
359
232
479
71
440
104
353
148
16
297
344
480
104
260
381
458
176
200
309
106
458
434
274
328
388
370
494
306
130
406
385
438
355
277
106
494
202
188
118
166
327
155
94
460
308
396
425
342
395
472
292
54
480
312
150
204
39
86
212
291
242
70
470
421
157
370
263
460
258
218
486
443
90
407
212
458
371
58
364
237
444
161
44
134
300
17
467
479
346
147
449
441
72
377
39
475
102
75
183
352
194
66
240
320
170
148
293
175
112
423
363
20
47
242
444
197
400
7
33
171
473
308
98
472
427
367
291
329
150
65
194
333
235
446
115
453
448
223
310
365
52
26
53
234
212
472
271
499
396
172
336
123
154
132
362
283
376
167
198
190
89
314
414
231
456
130
355
479
248
302
82
91
411
89
63
76
453
266
51
498
288
62
460
93
138
230
240
115
8
317
449
141
296
146
69
192
464
428
414
92
356
348
1
463
440
434
102
198
372
29
40
211
418
346
20
445
88
166
59
432
227
112
209
70
495
483
23
93
387
249
246
320
73
81
33
130
369
470
344
369
129
15
49
481
51
192
336
22
156
189
419
230
65
138
467
272
369
208
296
413
23
179
82
217
444
327
455
359
163
435
177
341
122
168
376
430
335
434
451
482
208
225
312
241
11
187
107
14
193
36
386
41
12
364
117
370
220
261
21
22
43
289
447
345
69
171
94
100
365
92
385
270
295
113
188
79
297
130
246
431
487
